[gd_scene load_steps=6 format=3 uid="uid://bqivh5dmuk0q6"]

[ext_resource type="PackedScene" uid="uid://dsnpqjfw7a0mu" path="res://scenes/armies/choccy_model.tscn" id="1_gjy2c"]
[ext_resource type="Script" uid="uid://dvfe75of0np0y" path="res://scripts/armies/choccy.gd" id="1_rcjnm"]
[ext_resource type="PackedScene" uid="uid://dwgx5jvy7ocjs" path="res://scenes/turn_indicator.tscn" id="3_ka8dc"]
[ext_resource type="AudioStream" uid="uid://ddm8kgcw1t513" path="res://assets/sounds/boing4.ogg" id="4_dbm0u"]

[sub_resource type="AudioStreamRandomizer" id="AudioStreamRandomizer_406th"]
random_pitch = 1.1
random_volume_offset_db = 1.1
streams_count = 1
stream_0/stream = ExtResource("4_dbm0u")

[node name="CCArmy" type="Node3D"]
script = ExtResource("1_rcjnm")
is_ai = null
currently_taking_turn = null
controlling_player_id = null
faction_id = 1
army_size = null
army_id = null
metadata/_custom_type_script = "uid://rdxpnq83wl3o"

[node name="TurnIndicator" parent="." instance=ExtResource("3_ka8dc")]
visible = false

[node name="ArmyVisuals" type="Node3D" parent="."]

[node name="1" type="Node3D" parent="ArmyVisuals"]
visible = false

[node name="choccy" parent="ArmyVisuals/1" instance=ExtResource("1_gjy2c")]

[node name="2" type="Node3D" parent="ArmyVisuals"]
visible = false

[node name="choccy" parent="ArmyVisuals/2" instance=ExtResource("1_gjy2c")]
transform = Transform3D(0.461594, 0, -0.887091, 0, 1, 0, 0.887091, 0, 0.461594, -0.563036, 0, 0.226473)

[node name="choccy2" parent="ArmyVisuals/2" instance=ExtResource("1_gjy2c")]
transform = Transform3D(-0.0021991, 0, 0.999998, 0, 1, 0, -0.999998, 0, -0.0021991, 0.4502, 0, -0.0377288)

[node name="3" type="Node3D" parent="ArmyVisuals"]
visible = false

[node name="choccy" parent="ArmyVisuals/3" instance=ExtResource("1_gjy2c")]
transform = Transform3D(0.461594, 0, -0.887091, 0, 1, 0, 0.887091, 0, 0.461594, -0.927763, 0, 0.150568)

[node name="choccy2" parent="ArmyVisuals/3" instance=ExtResource("1_gjy2c")]
transform = Transform3D(-0.0021991, 0, 0.999998, 0, 1, 0, -0.999998, 0, -0.0021991, 0.952127, 0, -0.0844541)

[node name="choccy3" parent="ArmyVisuals/3" instance=ExtResource("1_gjy2c")]
transform = Transform3D(-0.940952, 0, -0.338541, 0, 1, 0, 0.338541, 0, -0.940952, -0.105841, 0, -0.762061)

[node name="4" type="Node3D" parent="ArmyVisuals"]
visible = false

[node name="choccy" parent="ArmyVisuals/4" instance=ExtResource("1_gjy2c")]
transform = Transform3D(0.996706, 0, 0.0811036, 0, 1, 0, -0.0811036, 0, 0.996706, 1.12508, 0, 0.587744)

[node name="choccy2" parent="ArmyVisuals/4" instance=ExtResource("1_gjy2c")]
transform = Transform3D(0.990696, 0, 0.136096, 0, 1, 0, -0.136096, 0, 0.990696, 0.105841, 0, -0.0635049)

[node name="choccy3" parent="ArmyVisuals/4" instance=ExtResource("1_gjy2c")]
transform = Transform3D(-0.570685, 0, -0.821169, 0, 1, 0, 0.821169, 0, -0.570685, -1.26173, 0, -0.181091)

[node name="choccy4" parent="ArmyVisuals/4" instance=ExtResource("1_gjy2c")]
transform = Transform3D(-0.936152, 0, 0.351597, 0, 1, 0, -0.351597, 0, -0.936152, 1.77537, 0, -0.440278)

[node name="5" type="Node3D" parent="ArmyVisuals"]
visible = false

[node name="choccy" parent="ArmyVisuals/5" instance=ExtResource("1_gjy2c")]
transform = Transform3D(-0.892003, 0, 0.45203, 0, 1, 0, -0.45203, 0, -0.892003, 0.169348, 0, -1.07959)

[node name="choccy2" parent="ArmyVisuals/5" instance=ExtResource("1_gjy2c")]
transform = Transform3D(0.990696, 0, 0.136096, 0, 1, 0, -0.136096, 0, 0.990696, 0.105841, 0, 0.867903)

[node name="choccy3" parent="ArmyVisuals/5" instance=ExtResource("1_gjy2c")]
transform = Transform3D(0.0654904, 0, 0.997853, 0, 1, 0, -0.997853, 0, 0.0654904, 1.52412, 0, -0.338694)

[node name="choccy4" parent="ArmyVisuals/5" instance=ExtResource("1_gjy2c")]
transform = Transform3D(0.125714, 0, -0.992066, 0, 1, 0, 0.992066, 0, 0.125714, -1.84165, 0, 0.148177)

[node name="choccy5" parent="ArmyVisuals/5" instance=ExtResource("1_gjy2c")]
transform = Transform3D(-0.9047, 0, -0.426048, 0, 1, 0, 0.426048, 0, -0.9047, -0.465704, 0, 0.0423366)

[node name="6" type="Node3D" parent="ArmyVisuals"]
visible = false

[node name="choccy" parent="ArmyVisuals/6" instance=ExtResource("1_gjy2c")]
transform = Transform3D(0.996706, 0, 0.0811036, 0, 1, 0, -0.0811036, 0, 0.996706, -2.03757, 0, 0.118782)

[node name="choccy2" parent="ArmyVisuals/6" instance=ExtResource("1_gjy2c")]
transform = Transform3D(0.990696, 0, 0.136096, 0, 1, 0, -0.136096, 0, 0.990696, -0.259426, 0, 0.271318)

[node name="choccy3" parent="ArmyVisuals/6" instance=ExtResource("1_gjy2c")]
transform = Transform3D(-0.881031, 0, 0.473058, 0, 1, 0, -0.473058, 0, -0.881031, 1.43028, 0, -0.735906)

[node name="choccy4" parent="ArmyVisuals/6" instance=ExtResource("1_gjy2c")]
transform = Transform3D(0.970038, 0, 0.242955, 0, 1, 0, -0.242955, 0, 0.970038, 1.52412, 0, 0.296357)

[node name="choccy5" parent="ArmyVisuals/6" instance=ExtResource("1_gjy2c")]
transform = Transform3D(-0.974276, 0, -0.225359, 0, 1, 0, 0.225359, 0, -0.974276, -1.92374, 0, -0.597567)

[node name="choccy6" parent="ArmyVisuals/6" instance=ExtResource("1_gjy2c")]
transform = Transform3D(-0.947891, 0, -0.318595, 0, 1, 0, 0.318595, 0, -0.947891, -0.662811, 0, -0.735906)

[node name="7" type="Node3D" parent="ArmyVisuals"]
visible = false

[node name="choccy" parent="ArmyVisuals/7" instance=ExtResource("1_gjy2c")]
transform = Transform3D(0.958592, 0, 0.284785, 0, 1, 0, -0.284785, 0, 0.958592, 1.82014, 0, 0.956924)

[node name="choccy2" parent="ArmyVisuals/7" instance=ExtResource("1_gjy2c")]
transform = Transform3D(-0.972812, 0, -0.231595, 0, 1, 0, 0.231595, 0, -0.972812, -1.57876, 0, -0.33465)

[node name="choccy3" parent="ArmyVisuals/7" instance=ExtResource("1_gjy2c")]
transform = Transform3D(-0.936041, 0, 0.351891, 0, 1, 0, -0.351891, 0, -0.936041, 0.465706, 0, -0.0423366)

[node name="choccy7" parent="ArmyVisuals/7" instance=ExtResource("1_gjy2c")]
transform = Transform3D(-0.939064, 0, 0.343742, 0, 1, 0, -0.343742, 0, -0.939064, 1.59878, 0, -0.396247)

[node name="choccy4" parent="ArmyVisuals/7" instance=ExtResource("1_gjy2c")]
transform = Transform3D(-0.997881, 0, -0.0650722, 0, 1, 0, 0.0650722, 0, -0.997881, -0.467762, 0, -1.23429)

[node name="choccy5" parent="ArmyVisuals/7" instance=ExtResource("1_gjy2c")]
transform = Transform3D(0.996872, 0, 0.0790334, 0, 1, 0, -0.0790334, 0, 0.996872, -1.45006, 0, 0.433955)

[node name="choccy6" parent="ArmyVisuals/7" instance=ExtResource("1_gjy2c")]
transform = Transform3D(0.984543, 0, 0.175143, 0, 1, 0, -0.175143, 0, 0.984543, -0.232448, 0, 1.02067)

[node name="8" type="Node3D" parent="ArmyVisuals"]
visible = false

[node name="choccy" parent="ArmyVisuals/8" instance=ExtResource("1_gjy2c")]
transform = Transform3D(0.996706, 0, 0.0811036, 0, 1, 0, -0.0811036, 0, 0.996706, 1.37595, 0, 1.07959)

[node name="choccy2" parent="ArmyVisuals/8" instance=ExtResource("1_gjy2c")]
transform = Transform3D(-0.972812, 0, -0.231595, 0, 1, 0, 0.231595, 0, -0.972812, -0.717431, 0, -0.843869)

[node name="choccy5" parent="ArmyVisuals/8" instance=ExtResource("1_gjy2c")]
transform = Transform3D(0.996872, 0, 0.0790334, 0, 1, 0, -0.0790334, 0, 0.996872, -0.878509, 0, 1.07077)

[node name="choccy6" parent="ArmyVisuals/8" instance=ExtResource("1_gjy2c")]
transform = Transform3D(0.984543, 0, 0.175143, 0, 1, 0, -0.175143, 0, 0.984543, 1.87195, 0, 0.0782652)

[node name="choccy3" parent="ArmyVisuals/8" instance=ExtResource("1_gjy2c")]
transform = Transform3D(-0.0418582, 0, -0.999124, 0, 1, 0, 0.999124, 0, -0.0418582, -2.70955, 0, 0.0211694)

[node name="choccy4" parent="ArmyVisuals/8" instance=ExtResource("1_gjy2c")]
transform = Transform3D(-0.826374, 0, 0.563122, 0, 1, 0, -0.563122, 0, -0.826374, 1.65401, 0, -1.34206)

[node name="choccy7" parent="ArmyVisuals/8" instance=ExtResource("1_gjy2c")]
transform = Transform3D(-0.958307, 0, -0.285739, 0, 1, 0, 0.285739, 0, -0.958307, -1.218, 0, 0.111791)

[node name="choccy8" parent="ArmyVisuals/8" instance=ExtResource("1_gjy2c")]
transform = Transform3D(-0.741531, 0, -0.670919, 0, 1, 0, 0.670919, 0, -0.741531, 0.465706, 0, -0.275188)

[node name="9" type="Node3D" parent="ArmyVisuals"]
visible = false

[node name="choccy" parent="ArmyVisuals/9" instance=ExtResource("1_gjy2c")]
transform = Transform3D(0.996706, 0, 0.0811036, 0, 1, 0, -0.0811036, 0, 0.996706, 1.53777, 0, 1.19104)

[node name="choccy2" parent="ArmyVisuals/9" instance=ExtResource("1_gjy2c")]
transform = Transform3D(-0.972812, 0, -0.231595, 0, 1, 0, 0.231595, 0, -0.972812, -0.423367, 0, -0.931409)

[node name="choccy5" parent="ArmyVisuals/9" instance=ExtResource("1_gjy2c")]
transform = Transform3D(0.996872, 0, 0.0790334, 0, 1, 0, -0.0790334, 0, 0.996872, -1.65866, 0, 0.323132)

[node name="choccy6" parent="ArmyVisuals/9" instance=ExtResource("1_gjy2c")]
transform = Transform3D(0.984543, 0, 0.175143, 0, 1, 0, -0.175143, 0, 0.984543, 2.3845, 0, 0.386637)

[node name="choccy3" parent="ArmyVisuals/9" instance=ExtResource("1_gjy2c")]
transform = Transform3D(-0.99994, 0, 0.0109779, 0, 1, 0, -0.0109779, 0, -0.99994, 1.62152, 0, -0.252474)

[node name="choccy9" parent="ArmyVisuals/9" instance=ExtResource("1_gjy2c")]
transform = Transform3D(0.964728, 0, -0.26325, 0, 1, 0, 0.26325, 0, 0.964728, -1.84917, 0, 1.16987)

[node name="choccy4" parent="ArmyVisuals/9" instance=ExtResource("1_gjy2c")]
transform = Transform3D(0.141005, 0, 0.990009, 0, 1, 0, -0.990009, 0, 0.141005, -0.150603, 0, 0.716229)

[node name="choccy7" parent="ArmyVisuals/9" instance=ExtResource("1_gjy2c")]
transform = Transform3D(-0.846611, 0, 0.532211, 0, 1, 0, -0.532211, 0, -0.846611, 1.03632, 0, -1.31468)

[node name="choccy8" parent="ArmyVisuals/9" instance=ExtResource("1_gjy2c")]
transform = Transform3D(-0.741531, 0, -0.670919, 0, 1, 0, 0.670919, 0, -0.741531, -2.45692, 0, -0.540337)

[node name="10" type="Node3D" parent="ArmyVisuals"]
visible = false

[node name="choccy" parent="ArmyVisuals/10" instance=ExtResource("1_gjy2c")]
transform = Transform3D(0.996706, 0, 0.0811036, 0, 1, 0, -0.0811036, 0, 0.996706, 0.581682, 0, 1.93914)

[node name="choccy2" parent="ArmyVisuals/10" instance=ExtResource("1_gjy2c")]
transform = Transform3D(-0.647322, 0, -0.762216, 0, 1, 0, 0.762216, 0, -0.647322, 0.591613, 0, -1.65112)

[node name="choccy5" parent="ArmyVisuals/10" instance=ExtResource("1_gjy2c")]
transform = Transform3D(0.996872, 0, 0.0790334, 0, 1, 0, -0.0790334, 0, 0.996872, -1.5406, 0, 1.03381)

[node name="choccy11" parent="ArmyVisuals/10" instance=ExtResource("1_gjy2c")]
transform = Transform3D(0.810941, 0, 0.585128, 0, 1, 0, -0.585128, 0, 0.810941, 2.05472, 0, 0.983569)

[node name="choccy6" parent="ArmyVisuals/10" instance=ExtResource("1_gjy2c")]
transform = Transform3D(0.903687, 0, -0.428194, 0, 1, 0, 0.428194, 0, 0.903687, -1.57177, 0, 1.9732)

[node name="choccy3" parent="ArmyVisuals/10" instance=ExtResource("1_gjy2c")]
transform = Transform3D(-0.99994, 0, 0.0109779, 0, 1, 0, -0.0109779, 0, -0.99994, -2.43656, 0, -0.781082)

[node name="choccy9" parent="ArmyVisuals/10" instance=ExtResource("1_gjy2c")]
transform = Transform3D(0.964728, 0, -0.26325, 0, 1, 0, 0.26325, 0, 0.964728, 0.45222, 0, 0.549358)

[node name="choccy4" parent="ArmyVisuals/10" instance=ExtResource("1_gjy2c")]
transform = Transform3D(-0.851773, 0, 0.523912, 0, 1, 0, -0.523912, 0, -0.851773, 2.27864, 0, -0.921986)

[node name="choccy7" parent="ArmyVisuals/10" instance=ExtResource("1_gjy2c")]
transform = Transform3D(-0.846611, 0, 0.532211, 0, 1, 0, -0.532211, 0, -0.846611, 1.65375, 0, -0.192109)

[node name="choccy8" parent="ArmyVisuals/10" instance=ExtResource("1_gjy2c")]
transform = Transform3D(-0.741531, 0, -0.670919, 0, 1, 0, 0.670919, 0, -0.741531, -0.955254, 0, -0.0495073)

[node name="choccy10" parent="ArmyVisuals/10" instance=ExtResource("1_gjy2c")]
transform = Transform3D(-0.741531, 0, -0.670919, 0, 1, 0, 0.670919, 0, -0.741531, -0.807076, 0, -1.29844)

[node name="DEBUG" type="Label3D" parent="."]
transform = Transform3D(1, 0, 0, 0, 1, 0, 0, 0, 1, 0, 0.833677, 0)
visible = false
billboard = 1
no_depth_test = true
font_size = 128

[node name="Boing" type="AudioStreamPlayer" parent="."]
stream = SubResource("AudioStreamRandomizer_406th")
volume_db = 8.0
pitch_scale = 0.98
