[gd_scene load_steps=4 format=3 uid="uid://cxogrg8q3bsc0"]

[ext_resource type="Script" uid="uid://bxr3s631xobdo" path="res://scripts/armies/jammer.gd" id="1_n76qe"]
[ext_resource type="PackedScene" uid="uid://c1cjxjwhtkspy" path="res://scenes/armies/jammer_model.tscn" id="2_udmue"]
[ext_resource type="PackedScene" uid="uid://dwgx5jvy7ocjs" path="res://scenes/turn_indicator.tscn" id="3_1bopp"]

[node name="SJArmy" type="Node3D"]
script = ExtResource("1_n76qe")
faction_id = 2
metadata/_custom_type_script = "uid://rdxpnq83wl3o"

[node name="TurnIndicator" parent="." instance=ExtResource("3_1bopp")]
visible = false

[node name="ArmyVisuals" type="Node3D" parent="."]

[node name="1" type="Node3D" parent="ArmyVisuals"]

[node name="jammer" parent="ArmyVisuals/1" instance=ExtResource("2_udmue")]

[node name="2" type="Node3D" parent="ArmyVisuals"]
visible = false

[node name="jammer" parent="ArmyVisuals/2" instance=ExtResource("2_udmue")]
transform = Transform3D(-0.988712, 0, 0.149829, 0, 1, 0, -0.149829, 0, -0.988712, 0, 0, -0.298131)

[node name="jammer2" parent="ArmyVisuals/2" instance=ExtResource("2_udmue")]
transform = Transform3D(1, 0, 0, 0, 1, 0, 0, 0, 1, 0, 0, 0.244456)

[node name="3" type="Node3D" parent="ArmyVisuals"]
visible = false

[node name="jammer" parent="ArmyVisuals/3" instance=ExtResource("2_udmue")]
transform = Transform3D(-0.988712, 0, 0.149829, 0, 1, 0, -0.149829, 0, -0.988712, 0.0753698, 0, -0.570075)

[node name="jammer2" parent="ArmyVisuals/3" instance=ExtResource("2_udmue")]
transform = Transform3D(0.6597, 0, -0.751529, 0, 1, 0, 0.751529, 0, 0.6597, -0.536505, 0, 0.12899)

[node name="jammer3" parent="ArmyVisuals/3" instance=ExtResource("2_udmue")]
transform = Transform3D(0.553043, 0, 0.833153, 0, 1, 0, -0.833153, 0, 0.553043, 0.479547, 0, 0.480821)

[node name="4" type="Node3D" parent="ArmyVisuals"]
visible = false

[node name="jammer" parent="ArmyVisuals/4" instance=ExtResource("2_udmue")]
transform = Transform3D(-0.967955, 0, -0.251123, 0, 1, 0, 0.251123, 0, -0.967955, -0.651073, 0, -0.0729331)

[node name="jammer4" parent="ArmyVisuals/4" instance=ExtResource("2_udmue")]
transform = Transform3D(-0.768608, 0, 0.639721, 0, 1, 0, -0.639721, 0, -0.768608, 0.709543, 0, -0.284883)

[node name="jammer2" parent="ArmyVisuals/4" instance=ExtResource("2_udmue")]
transform = Transform3D(0.998444, 0, 0.0557692, 0, 1, 0, -0.0557692, 0, 0.998444, -0.638051, 0, 0.3581)

[node name="jammer3" parent="ArmyVisuals/4" instance=ExtResource("2_udmue")]
transform = Transform3D(0.999915, 0, -0.0130197, 0, 1, 0, 0.0130197, 0, 0.999915, 0.630912, 0, 0.566587)

[node name="5" type="Node3D" parent="ArmyVisuals"]
visible = false

[node name="jammer" parent="ArmyVisuals/5" instance=ExtResource("2_udmue")]
transform = Transform3D(-0.967955, 0, -0.251123, 0, 1, 0, 0.251123, 0, -0.967955, -0.86842, 0, -0.843354)

[node name="jammer4" parent="ArmyVisuals/5" instance=ExtResource("2_udmue")]
transform = Transform3D(-0.905369, 0, 0.424626, 0, 1, 0, -0.424626, 0, -0.905369, 1.04374, 0, -0.059832)

[node name="jammer2" parent="ArmyVisuals/5" instance=ExtResource("2_udmue")]
transform = Transform3D(0.998444, 0, 0.0557692, 0, 1, 0, -0.0557692, 0, 0.998444, -0.824353, 0, 0.325752)

[node name="jammer3" parent="ArmyVisuals/5" instance=ExtResource("2_udmue")]
transform = Transform3D(0.999915, 0, -0.0130197, 0, 1, 0, 0.0130197, 0, 0.999915, 0.767122, 0, 0.78871)

[node name="jammer5" parent="ArmyVisuals/5" instance=ExtResource("2_udmue")]
transform = Transform3D(-0.885815, 0, 0.464038, 0, 1, 0, -0.464038, 0, -0.885815, -0.0265923, 0, -0.0997199)

[node name="6" type="Node3D" parent="ArmyVisuals"]
visible = false

[node name="jammer" parent="ArmyVisuals/6" instance=ExtResource("2_udmue")]
transform = Transform3D(-0.992256, 0, 0.124208, 0, 1, 0, -0.124208, 0, -0.992256, 0.571729, 0, -0.556719)

[node name="jammer4" parent="ArmyVisuals/6" instance=ExtResource("2_udmue")]
transform = Transform3D(-0.911001, 0, -0.412405, 0, 1, 0, 0.412405, 0, -0.911001, -1.00385, 0, -0.684745)

[node name="jammer2" parent="ArmyVisuals/6" instance=ExtResource("2_udmue")]
transform = Transform3D(0.939047, 0, -0.343791, 0, 1, 0, 0.343791, 0, 0.939047, -0.0731287, 0, 0.139608)

[node name="jammer6" parent="ArmyVisuals/6" instance=ExtResource("2_udmue")]
transform = Transform3D(0.929468, 0, -0.368903, 0, 1, 0, 0.368903, 0, 0.929468, -1.18999, 0, 0.325752)

[node name="jammer3" parent="ArmyVisuals/6" instance=ExtResource("2_udmue")]
transform = Transform3D(0.999915, 0, -0.0130197, 0, 1, 0, 0.0130197, 0, 0.999915, 0.850945, 0, 0.691392)

[node name="jammer5" parent="ArmyVisuals/6" instance=ExtResource("2_udmue")]
transform = Transform3D(-0.885815, 0, 0.464038, 0, 1, 0, -0.464038, 0, -0.885815, 0.917424, 0, 0.0598322)

[node name="7" type="Node3D" parent="ArmyVisuals"]
visible = false

[node name="jammer" parent="ArmyVisuals/7" instance=ExtResource("2_udmue")]
transform = Transform3D(-0.967955, 0, -0.251123, 0, 1, 0, 0.251123, 0, -0.967955, -0.644857, 0, -0.711336)

[node name="jammer4" parent="ArmyVisuals/7" instance=ExtResource("2_udmue")]
transform = Transform3D(-0.905369, 0, 0.424626, 0, 1, 0, -0.424626, 0, -0.905369, 1.27613, 0, -0.178346)

[node name="jammer2" parent="ArmyVisuals/7" instance=ExtResource("2_udmue")]
transform = Transform3D(0.998444, 0, 0.0557692, 0, 1, 0, -0.0557692, 0, 0.998444, -0.69804, 0, 0.737929)

[node name="jammer6" parent="ArmyVisuals/7" instance=ExtResource("2_udmue")]
transform = Transform3D(0.929468, 0, -0.368903, 0, 1, 0, 0.368903, 0, 0.929468, 0.595828, 0, 0.00555073)

[node name="jammer3" parent="ArmyVisuals/7" instance=ExtResource("2_udmue")]
transform = Transform3D(0.982024, 0, -0.188753, 0, 1, 0, 0.188753, 0, 0.982024, 0.808563, 0, 0.484207)

[node name="jammer5" parent="ArmyVisuals/7" instance=ExtResource("2_udmue")]
transform = Transform3D(-0.999326, 0, 0.0366959, 0, 1, 0, -0.0366959, 0, -0.999326, -1.48915, 0, 0.36564)

[node name="jammer7" parent="ArmyVisuals/7" instance=ExtResource("2_udmue")]
transform = Transform3D(-0.980057, 0, 0.198718, 0, 1, 0, -0.198718, 0, -0.980057, 1.44898, 0, -0.617114)

[node name="jammer8" parent="ArmyVisuals/7" instance=ExtResource("2_udmue")]
transform = Transform3D(-0.974979, 0, -0.222297, 0, 1, 0, 0.222297, 0, -0.974979, -1.09692, 0, -0.1662)

[node name="8" type="Node3D" parent="ArmyVisuals"]
visible = false

[node name="jammer" parent="ArmyVisuals/8" instance=ExtResource("2_udmue")]
transform = Transform3D(-0.995231, 0, 0.0975486, 0, 1, 0, -0.0975486, 0, -0.995231, 0.265921, 0, -0.684744)

[node name="jammer4" parent="ArmyVisuals/8" instance=ExtResource("2_udmue")]
transform = Transform3D(-0.518102, 0, 0.855319, 0, 1, 0, -0.855319, 0, -0.518102, 1.92127, 0, -0.19944)

[node name="jammer2" parent="ArmyVisuals/8" instance=ExtResource("2_udmue")]
transform = Transform3D(0.998444, 0, 0.0557692, 0, 1, 0, -0.0557692, 0, 0.998444, 0.1662, 0, 0.192792)

[node name="jammer6" parent="ArmyVisuals/8" instance=ExtResource("2_udmue")]
transform = Transform3D(0.929468, 0, -0.368903, 0, 1, 0, 0.368903, 0, 0.929468, -0.80441, 0, 0.505248)

[node name="jammer3" parent="ArmyVisuals/8" instance=ExtResource("2_udmue")]
transform = Transform3D(-0.996127, 0, 0.0879206, -0.0006629, 0.999972, -0.00751055, -0.0879181, -0.00753975, -0.996099, -1.36949, 0, -0.372288)

[node name="jammer5" parent="ArmyVisuals/8" instance=ExtResource("2_udmue")]
transform = Transform3D(0.823017, 0, 0.568016, 0, 1, 0, -0.568016, 0, 0.823017, 1.03709, 0, 0.571728)

[node name="jammer7" parent="ArmyVisuals/8" instance=ExtResource("2_udmue")]
transform = Transform3D(0.860973, 0, -0.508651, 0, 1, 0, 0.508651, 0, 0.860973, -1.68194, 0, 0.604969)

[node name="jammer8" parent="ArmyVisuals/8" instance=ExtResource("2_udmue")]
transform = Transform3D(0.996884, 0, 0.078877, 0, 1, 0, -0.078877, 0, 0.996884, 0.551785, 0, -0.146256)

[node name="9" type="Node3D" parent="ArmyVisuals"]
visible = false

[node name="jammer" parent="ArmyVisuals/9" instance=ExtResource("2_udmue")]
transform = Transform3D(-0.967955, 0, -0.251123, 0, 1, 0, 0.251123, 0, -0.967955, 0.146821, 0, -0.676351)

[node name="jammer4" parent="ArmyVisuals/9" instance=ExtResource("2_udmue")]
transform = Transform3D(0.852166, 0, 0.523272, 0, 1, 0, -0.523272, 0, 0.852166, 1.04989, 0, 0.290339)

[node name="jammer2" parent="ArmyVisuals/9" instance=ExtResource("2_udmue")]
transform = Transform3D(0.998444, 0, 0.0557692, 0, 1, 0, -0.0557692, 0, 0.998444, -0.956748, 0, 0.48705)

[node name="jammer6" parent="ArmyVisuals/9" instance=ExtResource("2_udmue")]
transform = Transform3D(0.929468, 0, -0.368903, 0, 1, 0, 0.368903, 0, 0.929468, -1.4834, 0, -0.199286)

[node name="jammer3" parent="ArmyVisuals/9" instance=ExtResource("2_udmue")]
transform = Transform3D(0.999915, 0, -0.0130197, 0, 1, 0, 0.0130197, 0, 0.999915, 1.02436, 0, 0.912522)

[node name="jammer5" parent="ArmyVisuals/9" instance=ExtResource("2_udmue")]
transform = Transform3D(-0.785555, 0, 0.618792, 0, 1, 0, -0.618792, 0, -0.785555, 1.48045, 0, -0.826509)

[node name="jammer7" parent="ArmyVisuals/9" instance=ExtResource("2_udmue")]
transform = Transform3D(0.973599, 0, -0.228266, 0, 1, 0, 0.228266, 0, 0.973599, -0.344889, 0, 1.16422)

[node name="jammer8" parent="ArmyVisuals/9" instance=ExtResource("2_udmue")]
transform = Transform3D(-0.952022, 0, -0.306028, 0, 1, 0, 0.306028, 0, -0.952022, -0.786505, 0, -0.982257)

[node name="jammer9" parent="ArmyVisuals/9" instance=ExtResource("2_udmue")]
transform = Transform3D(-0.984205, 0, -0.177033, 0, 1, 0, 0.177033, 0, -0.984205, 0.474719, 0, -0.116048)

[node name="10" type="Node3D" parent="ArmyVisuals"]
visible = false

[node name="jammer" parent="ArmyVisuals/10" instance=ExtResource("2_udmue")]
transform = Transform3D(-0.967955, 0, -0.251123, 0, 1, 0, 0.251123, 0, -0.967955, -0.131437, 0, -0.744904)

[node name="jammer4" parent="ArmyVisuals/10" instance=ExtResource("2_udmue")]
transform = Transform3D(0.852166, 0, 0.523272, 0, 1, 0, -0.523272, 0, 0.852166, 0.771635, 0, 0.221786)

[node name="jammer2" parent="ArmyVisuals/10" instance=ExtResource("2_udmue")]
transform = Transform3D(0.998444, 0, 0.0557692, 0, 1, 0, -0.0557692, 0, 0.998444, -1.23501, 0, 0.418497)

[node name="jammer6" parent="ArmyVisuals/10" instance=ExtResource("2_udmue")]
transform = Transform3D(0.929468, 0, -0.368903, 0, 1, 0, 0.368903, 0, 0.929468, -1.76166, 0, -0.267839)

[node name="jammer3" parent="ArmyVisuals/10" instance=ExtResource("2_udmue")]
transform = Transform3D(0.999915, 0, -0.0130197, 0, 1, 0, 0.0130197, 0, 0.999915, 0.7461, 0, 0.843969)

[node name="jammer5" parent="ArmyVisuals/10" instance=ExtResource("2_udmue")]
transform = Transform3D(-0.787097, 0, 0.61683, 0, 1, 0, -0.61683, 0, -0.787097, 1.18109, 0, -0.958359)

[node name="jammer7" parent="ArmyVisuals/10" instance=ExtResource("2_udmue")]
transform = Transform3D(0.973599, 0, -0.228266, 0, 1, 0, 0.228266, 0, 0.973599, -0.623147, 0, 1.09567)

[node name="jammer8" parent="ArmyVisuals/10" instance=ExtResource("2_udmue")]
transform = Transform3D(-0.952022, 0, -0.306028, 0, 1, 0, 0.306028, 0, -0.952022, -1.06476, 0, -1.05081)

[node name="jammer9" parent="ArmyVisuals/10" instance=ExtResource("2_udmue")]
transform = Transform3D(-0.984205, 0, -0.177033, 0, 1, 0, 0.177033, 0, -0.984205, 0.196461, 0, -0.1846)

[node name="jammer10" parent="ArmyVisuals/10" instance=ExtResource("2_udmue")]
transform = Transform3D(0.993431, 0, 0.114434, 0, 1, 0, -0.114434, 0, 0.993431, 2.00043, 0, 0.416724)

[node name="DEBUG" type="Label3D" parent="."]
transform = Transform3D(1, 0, 0, 0, 1, 0, 0, 0, 1, 0, 2.47576, 0)
billboard = 1
no_depth_test = true
text = "OK!"
font_size = 128
